4294967278,59
4294967278,58
4294967278,57
4294967278,56
4294967278,55
4294967278,54
4294967278,53
4294967278,52
4294967278,51
4294967278,50
4294967278,49
4294967278,48
4294967278,47
4294967278,46
4294967278,45
4294967279,76
4294967279,75
4294967279,73
4294967279,72
4294967279,70
4294967279,69
4294967279,68
4294967279,67
4294967279,66
4294967279,65
4294967279,63
4294967279,60
4294967279,58
4294967279,57
4294967279,56
4294967279,51
4294967279,50
4294967279,48
4294967279,47
4294967279,46
4294967279,41
4294967279,39
4294967279,38
4294967279,37
4294967279,36
4294967279,35
4294967279,33
4294967279,32
4294967279,30
4294967279,29
4294967279,27
4294967279,25
4294967279,23
4294967279,22
4294967279,21
4294967279,20
4294967279,19
4294967279,18
4294967279,15
4294967279,13
4294967279,12
4294967279,11
4294967279,10
4294967294,30
4294967294,1012
4294967294,1011
4294967294,1009
4294967294,1008
4294967294,1003
4294967294,992
4294967294,967
4294967294,965
4294967294,964
4294967294,963
4294967294,962
4294967294,60
4294967294,425
4294967294,68
4294967294,12
4294967294,11
4294967294,76
4294967294,5
4294967278,330
4294967294,975
4294967279,389
4294967278,329
4294967279,299
4294967278,376
4294967294,42
4294967294,388
4294967294,387
4294967294,1421
4294967294,1427
4294967294,44
4294967294,43
4294967294,52
4294967294,1019
4294967294,988
4294967294,91
4294967294,88
4294967294,87
4294967294,85
4294967294,84
4294967294,51
4294967294,83
4294967294,82
4294967279,443
4294967278,132
4294967278,131
4294967278,130
4294967278,129
4294967278,128
4294967278,127
4294967278,126
4294967278,125
4294967278,124
4294967278,123
4294967278,122
4294967278,121
4294967278,120
4294967278,119
4294967278,118
4294967278,117
4294967278,240
4294967278,116
4294967278,115
4294967278,349
4294967278,114
4294967278,113
4294967278,112
4294967278,111
4294967278,110
4294967278,109
4294967278,108
4294967278,107
4294967278,222
4294967278,106
4294967278,105
4294967278,104
4294967278,216
4294967278,103
4294967278,102
4294967278,101
4294967278,100
4294967278,99
4294967278,98
4294967278,97
4294967278,96
4294967278,95
4294967278,94
4294967278,93
4294967278,92
4294967278,91
4294967278,90
4294967278,89
4294967278,87
4294967278,86
4294967278,85
4294967278,84
4294967278,83
4294967278,82
4294967278,81
4294967278,80
4294967278,79
4294967278,77
4294967278,76
4294967278,75
4294967278,74
4294967278,73
4294967278,71
4294967278,70
4294967278,68
4294967278,67
4294967278,66
4294967278,65
4294967278,64
4294967278,62
4294967278,61
4294967278,60
4294967278,347
4294967279,88
4294967278,375
4294967279,74
4294967279,71
4294967279,64
4294967279,62
4294967279,61
4294967279,59
4294967279,54
4294967279,53
4294967279,52
4294967279,40
4294967279,34
4294967279,31
4294967279,24
4294967279,5
4294967278,147
4294967278,146
4294967279,146
90,7
4294967278,145
90,6
4294967279,145
90,5
4294967278,144
90,4
90,3
90,2
90,1
4294967279,386
4294967279,437
4294967278,325
4294967279,385
4294967278,372
4294967279,28
4294967279,297
4294967278,369
4294967279,26
4294967278,278
4294967279,137
4294967278,136
4294967278,135
4294967278,273
89,8
89,7
89,6
89,5
89,4
89,3
89,2
89,1
4294967278,371
4294967278,286
4294967279,288
4294967278,285
4294967279,17
4294967278,368
4294967279,16
4294967279,268
4294967278,268
4294967278,284
4294967279,14
4294967279,267
4294967278,283
4294967278,265
88,6
88,5
88,4
88,3
88,2
88,1
4294967279,9
4294967279,8
4294967279,282
4294967278,322
4294967279,7
4294967279,6
4294967278,370
4294967278,257
4294967279,4
4294967279,136
4294967279,133
87,5
87,4
87,3
87,2
87,1
4294967279,418
4294967279,257
4294967279,174
4294967294,393
4294967279,417
4294967278,350
4294967279,254
4294967278,250
4294967279,252
4294967279,248
86,7
86,6
86,5
86,4
86,3
86,2
86,1
4294967279,243
4294967278,388
4294967279,239
4294967294,89
4294967294,1035
4294967294,972
4294967294,983
4294967294,1029
4294967294,985
4294967279,416
4294967278,174
4294967279,236
4294967279,233
4294967279,231
4294967279,229
4294967279,227
4294967278,221
85,5
4294967279,225
85,4
85,3
85,2
85,1
4294967279,223
4294967279,220
4294967278,218
4294967279,218
4294967279,216
4294967278,387
4294967279,215
4294967279,214
4294967279,317
4294967279,213
4294967279,211
84,6
84,5
4294967279,210
84,4
84,3
84,2
84,1
4294967278,345
4294967279,209
4294967294,8
4294967294,6
4294967294,1038
4294967294,22
4294967278,365
4294967278,78
4294967278,72
4294967278,69
4294967278,380
4294967278,63
4294967279,81
4294967279,77
4294967279,406
4294967279,55
4294967279,49
4294967279,42
4294967279,412
4294967294,186
4294967279,82
4294967278,386
4294967278,0
4294967279,448
4294967279,314
4294967279,204
4294967294,506
4294967279,203
4294967279,432
4294967278,366
4294967279,202
4294967279,196
4294967279,200
83,9
83,8
4294967279,199
83,7
